########################################
# Config file for Lidar

[LIDAR]

ROBOTLIDAR_X = 0.1408
ROBOTLIDAR_Y = -0.0061
ROBOTLIDAR_THETA = 0.0026

SOLID_WALL_DZ = 49.19
SOLID_WALL_YAW = -12.51

[RGB Camera]
q_robot_cam_w = 0.504241175
q_robot_cam_x = -0.486942258
q_robot_cam.y = 0.497431480
q_robot_cam_z = -0.511067507
t_robot_cam_x = 0.167887820
t_robot_cam_y = -0.014309905
t_robot_cam_z = 0.048545537
eulerAngle_z_robot_cam = 1.553539187
eulerAngle_y_robot_cam = 3.137662507
eulerAngle_x_robot_cam = 1.601699804
eulerAngle_z_robot_tof_meas = 1.566180590
eulerAngle_y_robot_tof_meas = 3.137782724
eulerAngle_x_robot_tof_meas = 1.611130598
t_robot_tof_meas_x = 0.170474042
t_robot_tof_meas_y = 0.000665612
t_robot_tof_meas_z = 0.048918527
t_rgb_tof_x = -0.0153507
t_rgb_tof_y = 0.000817979
t_rgb_tof_z = 0.00253477
eulerAngles_z_rgb_tof_meas = 0.00218842
eulerAngles_y_rgb_tof_meas = -0.0169072
eulerAngles_x_rgb_tof_meas = 0.0103948

[Camera Params]
tof_fx = 111.659
tof_fy = 111.659
tof_cx = 112.519
tof_cy = 65.0223
rgb_fx = 929.76
rgb_fy = 930.612
rgb_cx = 963.948
rgb_cy = 573.713
rgbFishEye_k1 = -0.0324797
rgbFishEye_k2 = -0.0124873
rgbFishEye_k3 = 0.00710845
rgbFishEye_k4 = -0.00250132

########################################
